0	file:/Users/natemcdowell/Desktop/mallet-2.0.8/corpusi/vgCorp/let221.txt	0.1565040650406504	0.06707317073170732	0.09959349593495935	0.042682926829268296	0.03048780487804878	0.2459349593495935	0.034552845528455285	0.07113821138211382	0.22560975609756098	0.026422764227642278
1	file:/Users/natemcdowell/Desktop/mallet-2.0.8/corpusi/vgCorp/let584.txt	0.028106508875739646	0.09023668639053255	0.11686390532544379	0.4807692307692308	0.016272189349112426	0.09319526627218935	0.013313609467455622	0.0073964497041420114	0.09615384615384616	0.057692307692307696
2	file:/Users/natemcdowell/Desktop/mallet-2.0.8/corpusi/vgCorp/let037.txt	0.0043859649122807015	0.07456140350877193	0.0043859649122807015	0.013157894736842105	0.2236842105263158	0.17982456140350878	0.2675438596491228	0.15350877192982457	0.0043859649122807015	0.07456140350877193
3	file:/Users/natemcdowell/Desktop/mallet-2.0.8/corpusi/vgCorp/let745.txt	0.1629032258064516	0.14677419354838708	0.024193548387096774	0.19193548387096773	0.05	0.03064516129032258	0.05967741935483871	0.0016129032258064516	0.22741935483870968	0.10483870967741936
4	file:/Users/natemcdowell/Desktop/mallet-2.0.8/corpusi/vgCorp/let023.txt	0.011363636363636364	0.2159090909090909	0.056818181818181816	0.03409090909090909	0.10227272727272728	0.32954545454545453	0.011363636363636364	0.07954545454545454	0.125	0.03409090909090909
5	file:/Users/natemcdowell/Desktop/mallet-2.0.8/corpusi/vgCorp/let143.txt	0.2469458987783595	0.006108202443280977	0.03228621291448516	0.04275741710296684	0.06195462478184991	0.030541012216404886	0.1649214659685864	0.23472949389179756	0.07068062827225131	0.10907504363001745
6	file:/Users/natemcdowell/Desktop/mallet-2.0.8/corpusi/vgCorp/let625.txt	0.10792079207920792	0.11188118811881188	0.09801980198019802	0.2861386138613861	0.028712871287128714	0.06831683168316832	0.030693069306930693	0.01881188118811881	0.2089108910891089	0.040594059405940595
7	file:/Users/natemcdowell/Desktop/mallet-2.0.8/corpusi/vgCorp/let816.txt	0.024475524475524476	0.19230769230769232	0.0034965034965034965	0.24825174825174826	0.038461538461538464	0.0034965034965034965	0.06643356643356643	0.0034965034965034965	0.23426573426573427	0.1853146853146853
8	file:/Users/natemcdowell/Desktop/mallet-2.0.8/corpusi/vgCorp/let382.txt	0.15895953757225434	0.07803468208092486	0.13005780346820808	0.04335260115606936	0.02601156069364162	0.2745664739884393	0.06647398843930635	0.002890173410404624	0.20520231213872833	0.014450867052023121
9	file:/Users/natemcdowell/Desktop/mallet-2.0.8/corpusi/vgCorp/let396.txt	0.061076604554865424	0.12318840579710146	0.21428571428571427	0.06314699792960662	0.050724637681159424	0.06728778467908902	0.07142857142857142	0.005175983436853002	0.29296066252587993	0.050724637681159424
10	file:/Users/natemcdowell/Desktop/mallet-2.0.8/corpusi/vgCorp/let383.txt	0.14126984126984127	0.046031746031746035	0.20476190476190476	0.0746031746031746	0.09047619047619047	0.173015873015873	0.07142857142857142	0.007936507936507936	0.18571428571428572	0.004761904761904762
11	file:/Users/natemcdowell/Desktop/mallet-2.0.8/corpusi/vgCorp/let432.txt	0.2644110275689223	0.15664160401002505	0.08395989974937343	0.041353383458646614	0.08395989974937343	0.05639097744360902	0.05137844611528822	0.0012531328320802004	0.20927318295739347	0.05137844611528822
12	file:/Users/natemcdowell/Desktop/mallet-2.0.8/corpusi/vgCorp/let181.txt	0.2784577723378213	0.014075887392900856	0.13280293757649939	0.0018359853121175031	0.04834761321909425	0.09853121175030599	0.08017135862913097	0.06548347613219094	0.19767441860465115	0.08261933904528763
13	file:/Users/natemcdowell/Desktop/mallet-2.0.8/corpusi/vgCorp/let630.txt	0.05102040816326531	0.12040816326530612	0.022448979591836733	0.35306122448979593	0.0836734693877551	0.08775510204081632	0.014285714285714285	0.03469387755102041	0.19795918367346937	0.03469387755102041
14	file:/Users/natemcdowell/Desktop/mallet-2.0.8/corpusi/vgCorp/let142.txt	0.06351791530944625	0.008143322475570033	0.017915309446254073	0.07980456026058631	0.10586319218241043	0.23615635179153094	0.11563517915309446	0.25895765472312704	0.07980456026058631	0.03420195439739414
15	file:/Users/natemcdowell/Desktop/mallet-2.0.8/corpusi/vgCorp/let787.txt	0.19264069264069264	0.11038961038961038	0.07575757575757576	0.15800865800865802	0.0367965367965368	0.045454545454545456	0.02813852813852814	0.08008658008658008	0.14935064935064934	0.12337662337662338
16	file:/Users/natemcdowell/Desktop/mallet-2.0.8/corpusi/vgCorp/let744.txt	0.14240506329113925	0.07278481012658228	0.07911392405063292	0.11708860759493671	0.0031645569620253164	0.0031645569620253164	0.2120253164556962	0.10443037974683544	0.20569620253164558	0.060126582278481014
17	file:/Users/natemcdowell/Desktop/mallet-2.0.8/corpusi/vgCorp/let022.txt	0.005208333333333333	0.109375	0.026041666666666668	0.005208333333333333	0.109375	0.390625	0.046875	0.18229166666666666	0.06770833333333333	0.057291666666666664
18	file:/Users/natemcdowell/Desktop/mallet-2.0.8/corpusi/vgCorp/let036.txt	0.06914893617021277	0.324468085106383	0.026595744680851064	0.026595744680851064	0.026595744680851064	0.2393617021276596	0.12234042553191489	0.10106382978723404	0.05851063829787234	0.005319148936170213
19	file:/Users/natemcdowell/Desktop/mallet-2.0.8/corpusi/vgCorp/let578.txt	0.13920454545454544	0.20738636363636365	0.10511363636363637	0.26420454545454547	0.002840909090909091	0.12215909090909091	0.002840909090909091	0.014204545454545454	0.10511363636363637	0.036931818181818184
20	file:/Users/natemcdowell/Desktop/mallet-2.0.8/corpusi/vgCorp/let034.txt	0.004273504273504274	0.2948717948717949	0.021367521367521368	0.0811965811965812	0.18376068376068377	0.029914529914529916	0.18376068376068377	0.14957264957264957	0.004273504273504274	0.04700854700854701
21	file:/Users/natemcdowell/Desktop/mallet-2.0.8/corpusi/vgCorp/let008.txt	0.08333333333333333	0.05	0.05	0.11666666666666667	0.016666666666666666	0.2833333333333333	0.05	0.2833333333333333	0.05	0.016666666666666666
22	file:/Users/natemcdowell/Desktop/mallet-2.0.8/corpusi/vgCorp/let154.txt	0.1853448275862069	0.05603448275862069	0.08189655172413793	0.03017241379310345	0.11925287356321838	0.125	0.05316091954022988	0.04454022988505747	0.1939655172413793	0.11063218390804598
23	file:/Users/natemcdowell/Desktop/mallet-2.0.8/corpusi/vgCorp/let140.txt	0.0024509803921568627	0.01715686274509804	0.0024509803921568627	0.0024509803921568627	0.09068627450980392	0.3799019607843137	0.11029411764705882	0.3112745098039216	0.07598039215686274	0.007352941176470588
24	file:/Users/natemcdowell/Desktop/mallet-2.0.8/corpusi/vgCorp/let801.txt	0.15335753176043557	0.16061705989110708	0.05353901996370236	0.16424682395644283	0.073502722323049	0.073502722323049	0.03720508166969147	0.03357531760435572	0.1751361161524501	0.07531760435571688
25	file:/Users/natemcdowell/Desktop/mallet-2.0.8/corpusi/vgCorp/let430.txt	0.1768617021276596	0.030585106382978722	0.13962765957446807	0.0598404255319149	0.043882978723404256	0.05452127659574468	0.12367021276595745	0.07845744680851063	0.02526595744680851	0.26728723404255317
26	file:/Users/natemcdowell/Desktop/mallet-2.0.8/corpusi/vgCorp/let342.txt	0.22972972972972974	0.0945945945945946	0.10540540540540541	0.08558558558558559	0.06576576576576576	0.13603603603603603	0.03153153153153153	0.015315315315315315	0.17207207207207206	0.06396396396396396
27	file:/Users/natemcdowell/Desktop/mallet-2.0.8/corpusi/vgCorp/let424.txt	0.2916666666666667	0.013888888888888888	0.06944444444444445	0.013888888888888888	0.125	0.2638888888888889	0.041666666666666664	0.06944444444444445	0.09722222222222222	0.013888888888888888
28	file:/Users/natemcdowell/Desktop/mallet-2.0.8/corpusi/vgCorp/let395.txt	0.2577854671280277	0.12629757785467127	0.039792387543252594	0.06747404844290658	0.11591695501730104	0.05363321799307959	0.11245674740484429	0.00865051903114187	0.13321799307958476	0.0847750865051903
29	file:/Users/natemcdowell/Desktop/mallet-2.0.8/corpusi/vgCorp/let394.txt	0.24917763157894737	0.02549342105263158	0.28207236842105265	8.223684210526315E-4	0.028782894736842105	0.10115131578947369	0.08470394736842106	0.007401315789473684	0.18996710526315788	0.03042763157894737
30	file:/Users/natemcdowell/Desktop/mallet-2.0.8/corpusi/vgCorp/let343.txt	0.1544502617801047	0.06544502617801047	0.13350785340314136	0.02356020942408377	0.10732984293193717	0.31675392670157065	0.07591623036649214	0.02356020942408377	0.0968586387434555	0.002617801047120419
31	file:/Users/natemcdowell/Desktop/mallet-2.0.8/corpusi/vgCorp/let800.txt	0.15953654188948307	0.20231729055258468	0.13101604278074866	0.08288770053475936	0.06506238859180036	0.07575757575757576	0.06506238859180036	0.004456327985739751	0.11853832442067737	0.09536541889483066
32	file:/Users/natemcdowell/Desktop/mallet-2.0.8/corpusi/vgCorp/let141.txt	0.0787321063394683	0.03783231083844581	0.02556237218813906	0.046012269938650305	0.09918200408997956	0.28732106339468305	0.10940695296523517	0.16257668711656442	0.0869120654396728	0.06646216768916155
33	file:/Users/natemcdowell/Desktop/mallet-2.0.8/corpusi/vgCorp/let155.txt	0.19904596704249783	0.08803122289679098	0.16608846487424112	0.038594969644405897	0.15481352992194275	0.01777970511708586	0.14960971379011276	0.0611448395490026	0.06981786643538596	0.05507372072853426
34	file:/Users/natemcdowell/Desktop/mallet-2.0.8/corpusi/vgCorp/let790.txt	0.17008196721311475	0.2192622950819672	0.12090163934426229	0.11270491803278689	0.006147540983606557	0.07991803278688525	0.19467213114754098	0.0020491803278688526	0.07581967213114754	0.018442622950819672
35	file:/Users/natemcdowell/Desktop/mallet-2.0.8/corpusi/vgCorp/let784.txt	0.13949843260188088	0.14890282131661442	0.054858934169279	0.13009404388714735	0.03918495297805643	0.04231974921630094	0.10815047021943573	0.0768025078369906	0.11755485893416928	0.1426332288401254
36	file:/Users/natemcdowell/Desktop/mallet-2.0.8/corpusi/vgCorp/let009.txt	0.04700854700854701	0.09829059829059829	0.01282051282051282	0.07264957264957266	0.08974358974358974	0.41452991452991456	0.0641025641025641	0.0811965811965812	0.0811965811965812	0.038461538461538464
37	file:/Users/natemcdowell/Desktop/mallet-2.0.8/corpusi/vgCorp/let035.txt	0.039473684210526314	0.09210526315789473	0.013157894736842105	0.039473684210526314	0.2236842105263158	0.25	0.09210526315789473	0.17105263157894737	0.06578947368421052	0.013157894736842105
38	file:/Users/natemcdowell/Desktop/mallet-2.0.8/corpusi/vgCorp/let021.txt	0.06481481481481481	0.009259259259259259	0.027777777777777776	0.17592592592592593	0.027777777777777776	0.28703703703703703	0.21296296296296297	0.17592592592592593	0.009259259259259259	0.009259259259259259
39	file:/Users/natemcdowell/Desktop/mallet-2.0.8/corpusi/vgCorp/let747.txt	0.15588235294117647	0.1676470588235294	0.10294117647058823	0.18529411764705883	0.0029411764705882353	0.09117647058823529	0.06764705882352941	0.0029411764705882353	0.17941176470588235	0.04411764705882353
40	file:/Users/natemcdowell/Desktop/mallet-2.0.8/corpusi/vgCorp/let541.txt	0.2642857142857143	0.12346938775510204	0.10510204081632653	0.00510204081632653	0.017346938775510204	0.11326530612244898	0.12346938775510204	0.007142857142857143	0.23775510204081632	0.003061224489795918
41	file:/Users/natemcdowell/Desktop/mallet-2.0.8/corpusi/vgCorp/let233.txt	0.05434782608695652	0.03260869565217391	0.010869565217391304	0.14130434782608695	0.07608695652173914	0.31521739130434784	0.010869565217391304	0.03260869565217391	0.25	0.07608695652173914
42	file:/Users/natemcdowell/Desktop/mallet-2.0.8/corpusi/vgCorp/let025.txt	0.017857142857142856	0.125	0.16071428571428573	0.017857142857142856	0.017857142857142856	0.30357142857142855	0.017857142857142856	0.125	0.125	0.08928571428571429
43	file:/Users/natemcdowell/Desktop/mallet-2.0.8/corpusi/vgCorp/let031.txt	0.005050505050505051	0.08585858585858586	0.005050505050505051	0.005050505050505051	0.4292929292929293	0.17676767676767677	0.12626262626262627	0.015151515151515152	0.06565656565656566	0.08585858585858586
44	file:/Users/natemcdowell/Desktop/mallet-2.0.8/corpusi/vgCorp/let151.txt	0.013959390862944163	0.07233502538071065	0.09517766497461928	0.0038071065989847717	0.4098984771573604	0.18401015228426396	0.008883248730964468	0.021573604060913704	0.08248730964467005	0.10786802030456853
45	file:/Users/natemcdowell/Desktop/mallet-2.0.8/corpusi/vgCorp/let145.txt	0.1043613707165109	0.05451713395638629	0.06074766355140187	0.048286604361370715	0.045171339563862926	0.19470404984423675	0.1853582554517134	0.1791277258566978	0.0264797507788162	0.10124610591900311
46	file:/Users/natemcdowell/Desktop/mallet-2.0.8/corpusi/vgCorp/let623.txt	0.020766773162939296	0.1485623003194888	0.052715654952076675	0.41373801916932906	0.05591054313099041	0.11980830670926518	0.052715654952076675	0.01757188498402556	0.11661341853035144	0.001597444089456869
47	file:/Users/natemcdowell/Desktop/mallet-2.0.8/corpusi/vgCorp/let810.txt	0.11378205128205128	0.20993589743589744	0.06891025641025642	0.1233974358974359	0.24519230769230768	0.020833333333333332	0.04006410256410257	0.011217948717948718	0.09775641025641026	0.06891025641025642
48	file:/Users/natemcdowell/Desktop/mallet-2.0.8/corpusi/vgCorp/let409.txt	0.1022944550669216	0.1022944550669216	0.2609942638623327	0.07743785850860421	0.006692160611854685	0.07934990439770555	0.06787762906309751	0.03154875717017208	0.17686424474187382	0.09464627151051626
49	file:/Users/natemcdowell/Desktop/mallet-2.0.8/corpusi/vgCorp/let390.txt	0.11496350364963503	0.04562043795620438	0.21715328467153286	0.08211678832116788	0.03102189781021898	0.16605839416058393	0.08211678832116788	0.03467153284671533	0.22445255474452555	0.0018248175182481751
50	file:/Users/natemcdowell/Desktop/mallet-2.0.8/corpusi/vgCorp/let408.txt	0.1266025641025641	0.08493589743589744	0.25801282051282054	0.046474358974358976	0.05608974358974359	0.11378205128205128	0.03685897435897436	0.05929487179487179	0.16185897435897437	0.05608974358974359
51	file:/Users/natemcdowell/Desktop/mallet-2.0.8/corpusi/vgCorp/let193.txt	0.24816849816849818	0.027777777777777776	0.05952380952380952	0.04304029304029304	0.027167277167277168	0.15903540903540903	0.024114774114774116	0.11507936507936507	0.18345543345543344	0.11263736263736264
52	file:/Users/natemcdowell/Desktop/mallet-2.0.8/corpusi/vgCorp/let805.txt	0.14885496183206107	0.26183206106870227	0.08931297709923663	0.10305343511450382	0.048091603053435114	0.0450381679389313	0.020610687022900764	7.633587786259542E-4	0.18549618320610686	0.09694656488549619
53	file:/Users/natemcdowell/Desktop/mallet-2.0.8/corpusi/vgCorp/let144.txt	0.0382262996941896	0.05657492354740061	0.0045871559633027525	0.0015290519877675841	0.11773700305810397	0.191131498470948	0.20336391437308868	0.3165137614678899	0.02599388379204893	0.04434250764525994
54	file:/Users/natemcdowell/Desktop/mallet-2.0.8/corpusi/vgCorp/let150.txt	0.003067484662576687	0.05828220858895705	0.046012269938650305	0.02147239263803681	0.34049079754601225	0.2361963190184049	0.08895705521472393	0.05828220858895705	0.10736196319018405	0.03987730061349693
55	file:/Users/natemcdowell/Desktop/mallet-2.0.8/corpusi/vgCorp/let030.txt	0.03125	0.11875	0.00625	0.00625	0.18125	0.18125	0.14375	0.25625	0.03125	0.04375
56	file:/Users/natemcdowell/Desktop/mallet-2.0.8/corpusi/vgCorp/let597.txt	0.003048780487804878	0.2652439024390244	0.04573170731707317	0.375	0.13109756097560976	0.08231707317073171	0.009146341463414634	0.003048780487804878	0.027439024390243903	0.057926829268292686
57	file:/Users/natemcdowell/Desktop/mallet-2.0.8/corpusi/vgCorp/let542.txt	0.10166666666666667	0.115	0.095	0.08166666666666667	0.12166666666666667	0.13166666666666665	0.035	0.035	0.225	0.058333333333333334
58	file:/Users/natemcdowell/Desktop/mallet-2.0.8/corpusi/vgCorp/let768.txt	0.19300911854103345	0.24468085106382978	0.10486322188449848	0.08966565349544073	0.06231003039513678	0.025835866261398176	0.07142857142857142	0.028875379939209727	0.12613981762917933	0.05319148936170213
59	file:/Users/natemcdowell/Desktop/mallet-2.0.8/corpusi/vgCorp/let032.txt	0.017482517482517484	0.07342657342657342	0.10139860139860139	0.01048951048951049	0.4090909090909091	0.017482517482517484	0.05244755244755245	0.21328671328671328	0.03146853146853147	0.07342657342657342
60	file:/Users/natemcdowell/Desktop/mallet-2.0.8/corpusi/vgCorp/let026.txt	0.007575757575757576	0.007575757575757576	0.007575757575757576	0.05303030303030303	0.007575757575757576	0.49242424242424243	0.09848484848484848	0.23484848484848486	0.08333333333333333	0.007575757575757576
61	file:/Users/natemcdowell/Desktop/mallet-2.0.8/corpusi/vgCorp/let797.txt	0.07647058823529412	0.0058823529411764705	0.08823529411764706	0.45294117647058824	0.06470588235294118	0.07647058823529412	0.029411764705882353	0.041176470588235294	0.13529411764705881	0.029411764705882353
62	file:/Users/natemcdowell/Desktop/mallet-2.0.8/corpusi/vgCorp/let620.txt	0.054878048780487805	0.19715447154471544	0.09146341463414634	0.30284552845528456	0.034552845528455285	0.09146341463414634	0.006097560975609756	0.006097560975609756	0.17682926829268292	0.03861788617886179
63	file:/Users/natemcdowell/Desktop/mallet-2.0.8/corpusi/vgCorp/let152.txt	0.039951573849878935	0.018159806295399514	0.08595641646489104	0.04721549636803874	0.2820823244552058	0.15617433414043583	0.1440677966101695	0.10774818401937046	0.08837772397094432	0.03026634382566586
64	file:/Users/natemcdowell/Desktop/mallet-2.0.8/corpusi/vgCorp/let634.txt	0.01524390243902439	0.42378048780487804	0.03353658536585366	0.17378048780487804	0.08841463414634146	0.11280487804878049	0.051829268292682924	0.009146341463414634	0.08231707317073171	0.009146341463414634
65	file:/Users/natemcdowell/Desktop/mallet-2.0.8/corpusi/vgCorp/let422.txt	0.14919354838709678	0.06048387096774194	0.2217741935483871	0.2217741935483871	0.012096774193548387	0.06048387096774194	0.004032258064516129	0.004032258064516129	0.2540322580645161	0.012096774193548387
66	file:/Users/natemcdowell/Desktop/mallet-2.0.8/corpusi/vgCorp/let392.txt	0.050200803212851405	0.19477911646586346	0.05421686746987952	0.02610441767068273	0.29116465863453816	0.12650602409638553	0.07429718875502007	0.002008032128514056	0.030120481927710843	0.15060240963855423
67	file:/Users/natemcdowell/Desktop/mallet-2.0.8/corpusi/vgCorp/let386.txt	0.12032085561497326	0.14705882352941177	0.15775401069518716	0.00267379679144385	0.22192513368983957	0.07754010695187166	0.08288770053475936	0.02406417112299465	0.10427807486631016	0.06149732620320856
68	file:/Users/natemcdowell/Desktop/mallet-2.0.8/corpusi/vgCorp/let153.txt	0.05188679245283019	0.0047169811320754715	0.08018867924528301	0.0330188679245283	0.14622641509433962	0.2028301886792453	0.19339622641509435	0.08962264150943396	0.05188679245283019	0.14622641509433962
69	file:/Users/natemcdowell/Desktop/mallet-2.0.8/corpusi/vgCorp/let621.txt	0.0763888888888889	0.13194444444444445	0.0763888888888889	0.3680555555555556	0.0625	0.11805555555555555	0.006944444444444444	0.034722222222222224	0.09027777777777778	0.034722222222222224
70	file:/Users/natemcdowell/Desktop/mallet-2.0.8/corpusi/vgCorp/let147.txt	0.07738095238095238	0.06547619047619048	0.1130952380952381	0.005952380952380952	0.02976190476190476	0.35119047619047616	0.05357142857142857	0.24404761904761904	0.02976190476190476	0.02976190476190476
71	file:/Users/natemcdowell/Desktop/mallet-2.0.8/corpusi/vgCorp/let609.txt	0.055970149253731345	0.23507462686567165	0.048507462686567165	0.27238805970149255	0.1455223880597015	0.08582089552238806	0.026119402985074626	0.0037313432835820895	0.10074626865671642	0.026119402985074626
72	file:/Users/natemcdowell/Desktop/mallet-2.0.8/corpusi/vgCorp/let027.txt	0.09415584415584416	0.12012987012987013	0.022727272727272728	0.08116883116883117	0.05519480519480519	0.3538961038961039	0.10064935064935066	0.10714285714285714	0.04220779220779221	0.022727272727272728
73	file:/Users/natemcdowell/Desktop/mallet-2.0.8/corpusi/vgCorp/let033.txt	0.06097560975609756	0.06097560975609756	0.012195121951219513	0.036585365853658534	0.012195121951219513	0.47560975609756095	0.036585365853658534	0.13414634146341464	0.15853658536585366	0.012195121951219513
74	file:/Users/natemcdowell/Desktop/mallet-2.0.8/corpusi/vgCorp/let231.txt	0.1638888888888889	0.019444444444444445	0.03611111111111111	0.05277777777777778	0.041666666666666664	0.33055555555555555	0.09722222222222222	0.013888888888888888	0.24166666666666667	0.002777777777777778
75	file:/Users/natemcdowell/Desktop/mallet-2.0.8/corpusi/vgCorp/let524.txt	0.16987179487179488	0.22115384615384615	0.23397435897435898	0.060897435897435896	0.003205128205128205	0.028846153846153848	0.009615384615384616	0.028846153846153848	0.20192307692307693	0.041666666666666664
76	file:/Users/natemcdowell/Desktop/mallet-2.0.8/corpusi/vgCorp/let054.txt	0.0273109243697479	0.023109243697478993	0.023109243697478993	0.0273109243697479	0.06092436974789916	0.10294117647058823	0.32142857142857145	0.32983193277310924	0.0021008403361344537	0.0819327731092437
77	file:/Users/natemcdowell/Desktop/mallet-2.0.8/corpusi/vgCorp/let040.txt	0.016483516483516484	0.07142857142857142	0.005494505494505495	0.04945054945054945	0.005494505494505495	0.34615384615384615	0.14835164835164835	0.2692307692307692	0.07142857142857142	0.016483516483516484
78	file:/Users/natemcdowell/Desktop/mallet-2.0.8/corpusi/vgCorp/let726.txt	0.034403669724770644	0.2591743119266055	0.08486238532110092	0.21788990825688073	0.0481651376146789	0.020642201834862386	0.15825688073394495	0.1444954128440367	0.011467889908256881	0.020642201834862386
79	file:/Users/natemcdowell/Desktop/mallet-2.0.8/corpusi/vgCorp/let068.txt	0.13541666666666666	0.010416666666666666	0.03125	0.052083333333333336	0.010416666666666666	0.4270833333333333	0.03125	0.15625	0.13541666666666666	0.010416666666666666
80	file:/Users/natemcdowell/Desktop/mallet-2.0.8/corpusi/vgCorp/let097.txt	0.07327586206896551	0.004310344827586207	0.021551724137931036	0.03879310344827586	0.08189655172413793	0.1939655172413793	0.1939655172413793	0.2629310344827586	0.09913793103448276	0.03017241379310345
81	file:/Users/natemcdowell/Desktop/mallet-2.0.8/corpusi/vgCorp/let083.txt	0.00390625	0.00390625	0.07421875	0.00390625	0.42578125	0.08203125	0.01953125	0.21484375	0.04296875	0.12890625
82	file:/Users/natemcdowell/Desktop/mallet-2.0.8/corpusi/vgCorp/let134.txt	0.040453074433656956	0.024271844660194174	0.040453074433656956	0.030744336569579287	0.10194174757281553	0.11488673139158576	0.28640776699029125	0.2605177993527508	0.07281553398058252	0.02750809061488673
83	file:/Users/natemcdowell/Desktop/mallet-2.0.8/corpusi/vgCorp/let108.txt	0.034210526315789476	0.018421052631578946	0.013157894736842105	0.007894736842105263	0.15526315789473685	0.13421052631578947	0.10789473684210527	0.45	0.002631578947368421	0.07631578947368421
84	file:/Users/natemcdowell/Desktop/mallet-2.0.8/corpusi/vgCorp/let336.txt	0.32212581344902386	0.06616052060737528	0.13774403470715835	0.01843817787418655	0.08134490238611713	0.11605206073752712	0.16377440347071584	0.01193058568329718	0.055314533622559656	0.027114967462039046
85	file:/Users/natemcdowell/Desktop/mallet-2.0.8/corpusi/vgCorp/let445.txt	0.046052631578947366	0.26973684210526316	0.1118421052631579	0.125	0.07236842105263158	0.006578947368421052	0.006578947368421052	0.1118421052631579	0.125	0.125
86	file:/Users/natemcdowell/Desktop/mallet-2.0.8/corpusi/vgCorp/let109.txt	0.03648068669527897	0.002145922746781116	0.023605150214592276	0.002145922746781116	0.09227467811158799	0.148068669527897	0.10515021459227468	0.5128755364806867	0.002145922746781116	0.07510729613733906
87	file:/Users/natemcdowell/Desktop/mallet-2.0.8/corpusi/vgCorp/let121.txt	0.12576687116564417	0.015337423312883436	0.1196319018404908	0.015337423312883436	0.0705521472392638	0.08282208588957055	0.19325153374233128	0.20552147239263804	0.05828220858895705	0.11349693251533742
88	file:/Users/natemcdowell/Desktop/mallet-2.0.8/corpusi/vgCorp/let082.txt	0.014563106796116505	0.0048543689320388345	0.024271844660194174	0.0825242718446602	0.19902912621359223	0.13106796116504854	0.024271844660194174	0.32524271844660196	0.06310679611650485	0.13106796116504854
89	file:/Users/natemcdowell/Desktop/mallet-2.0.8/corpusi/vgCorp/let096.txt	0.0023923444976076554	0.0023923444976076554	0.0023923444976076554	0.0023923444976076554	0.09330143540669857	0.0023923444976076554	0.20813397129186603	0.5574162679425837	0.04066985645933014	0.08851674641148326
90	file:/Users/natemcdowell/Desktop/mallet-2.0.8/corpusi/vgCorp/let069.txt	0.005319148936170213	0.015957446808510637	0.0797872340425532	0.005319148936170213	0.06914893617021277	0.18617021276595744	0.015957446808510637	0.526595744680851	0.0797872340425532	0.015957446808510637
91	file:/Users/natemcdowell/Desktop/mallet-2.0.8/corpusi/vgCorp/let041.txt	0.0045045045045045045	0.0045045045045045045	0.02252252252252252	0.0045045045045045045	0.04954954954954955	0.22972972972972974	0.12162162162162163	0.46396396396396394	0.05855855855855856	0.04054054054054054
92	file:/Users/natemcdowell/Desktop/mallet-2.0.8/corpusi/vgCorp/let055.txt	0.05165289256198347	0.0640495867768595	0.05578512396694215	0.05165289256198347	0.22933884297520662	0.07231404958677685	0.1962809917355372	0.1797520661157025	0.04338842975206612	0.05578512396694215
93	file:/Users/natemcdowell/Desktop/mallet-2.0.8/corpusi/vgCorp/let280.txt	0.2019650655021834	0.11244541484716157	0.1888646288209607	0.02292576419213974	0.04475982532751092	0.1146288209606987	0.08406113537117904	0.027292576419213975	0.13427947598253276	0.06877729257641921
94	file:/Users/natemcdowell/Desktop/mallet-2.0.8/corpusi/vgCorp/let294.txt	0.16176470588235295	0.05213903743315508	0.08957219251336898	0.001336898395721925	0.06016042780748663	0.08422459893048129	0.1323529411764706	0.03342245989304813	0.2286096256684492	0.15641711229946523
95	file:/Users/natemcdowell/Desktop/mallet-2.0.8/corpusi/vgCorp/let531.txt	0.23515981735159816	0.07534246575342465	0.2853881278538813	0.06164383561643835	0.06164383561643835	0.07534246575342465	0.08447488584474885	0.01141552511415525	0.07990867579908675	0.02968036529680365
96	file:/Users/natemcdowell/Desktop/mallet-2.0.8/corpusi/vgCorp/let241.txt	0.05313351498637602	0.04495912806539509	0.1784741144414169	0.07493188010899182	0.07493188010899182	0.22479564032697547	0.04223433242506812	0.009536784741144414	0.21662125340599456	0.08038147138964577
97	file:/Users/natemcdowell/Desktop/mallet-2.0.8/corpusi/vgCorp/let527.txt	0.10185185185185185	0.18209876543209877	0.1697530864197531	0.11419753086419752	0.021604938271604937	0.14506172839506173	0.027777777777777776	0.0030864197530864196	0.23148148148148148	0.0030864197530864196
98	file:/Users/natemcdowell/Desktop/mallet-2.0.8/corpusi/vgCorp/let255.txt	0.12239583333333333	0.16927083333333334	0.09635416666666667	0.028645833333333332	0.1328125	0.10677083333333333	0.15885416666666666	0.0078125	0.14322916666666666	0.033854166666666664
99	file:/Users/natemcdowell/Desktop/mallet-2.0.8/corpusi/vgCorp/let269.txt	0.122568093385214	0.08754863813229571	0.09533073929961089	0.08754863813229571	0.06031128404669261	0.21206225680933852	0.0914396887159533	0.0019455252918287938	0.20428015564202334	0.03696498054474708
100	file:/Users/natemcdowell/Desktop/mallet-2.0.8/corpusi/vgCorp/let057.txt	0.09821428571428571	0.008928571428571428	0.0625	0.008928571428571428	0.08035714285714286	0.4375	0.008928571428571428	0.2767857142857143	0.008928571428571428	0.008928571428571428
101	file:/Users/natemcdowell/Desktop/mallet-2.0.8/corpusi/vgCorp/let902.txt	0.06115107913669065	0.17625899280575538	0.13309352517985612	0.32014388489208634	0.039568345323741004	0.039568345323741004	0.01079136690647482	0.0035971223021582736	0.13309352517985612	0.08273381294964029
102	file:/Users/natemcdowell/Desktop/mallet-2.0.8/corpusi/vgCorp/let137.txt	0.07591093117408906	0.015182186234817813	0.03340080971659919	0.05566801619433198	0.04554655870445344	0.23380566801619435	0.1771255060728745	0.2722672064777328	0.0354251012145749	0.05566801619433198
103	file:/Users/natemcdowell/Desktop/mallet-2.0.8/corpusi/vgCorp/let123.txt	0.034552845528455285	0.046747967479674794	0.0020325203252032522	0.01016260162601626	0.10772357723577236	0.2865853658536585	0.07113821138211382	0.3313008130081301	0.006097560975609756	0.10365853658536585
104	file:/Users/natemcdowell/Desktop/mallet-2.0.8/corpusi/vgCorp/let679.txt	0.03386454183266932	0.08565737051792828	0.0697211155378486	0.34860557768924305	0.0099601593625498	0.061752988047808766	0.037848605577689244	0.00199203187250996	0.34860557768924305	0.00199203187250996
105	file:/Users/natemcdowell/Desktop/mallet-2.0.8/corpusi/vgCorp/let686.txt	0.10028860028860029	0.19985569985569984	0.17532467532467533	0.09307359307359307	0.051226551226551224	0.04112554112554113	0.056998556998557	0.020923520923520924	0.1782106782106782	0.08297258297258298
106	file:/Users/natemcdowell/Desktop/mallet-2.0.8/corpusi/vgCorp/let484.txt	0.2014218009478673	0.23459715639810427	0.13981042654028436	0.026066350710900472	0.045023696682464455	0.07345971563981042	0.06398104265402843	0.002369668246445498	0.16824644549763032	0.045023696682464455
107	file:/Users/natemcdowell/Desktop/mallet-2.0.8/corpusi/vgCorp/let452.txt	0.11702127659574468	0.2872340425531915	0.031914893617021274	0.031914893617021274	0.010638297872340425	0.1595744680851064	0.010638297872340425	0.010638297872340425	0.24468085106382978	0.09574468085106383
108	file:/Users/natemcdowell/Desktop/mallet-2.0.8/corpusi/vgCorp/let122.txt	0.08789625360230548	0.06772334293948126	0.018731988472622477	0.007204610951008645	0.1340057636887608	0.23487031700288186	0.1282420749279539	0.2665706051873199	0.001440922190201729	0.053314121037463975
109	file:/Users/natemcdowell/Desktop/mallet-2.0.8/corpusi/vgCorp/let644.txt	0.030054644808743168	0.1448087431693989	0.05191256830601093	0.16120218579234974	0.11748633879781421	0.1284153005464481	0.03551912568306011	0.00819672131147541	0.27049180327868855	0.05191256830601093
110	file:/Users/natemcdowell/Desktop/mallet-2.0.8/corpusi/vgCorp/let650.txt	0.0720081135902637	0.16937119675456389	0.14908722109533468	0.24645030425963488	0.06997971602434078	0.009127789046653144	0.037525354969574036	0.005070993914807302	0.13488843813387424	0.10649087221095335
111	file:/Users/natemcdowell/Desktop/mallet-2.0.8/corpusi/vgCorp/let081.txt	0.005434782608695652	0.02717391304347826	0.016304347826086956	0.09239130434782608	0.125	0.29891304347826086	0.20108695652173914	0.15760869565217392	0.059782608695652176	0.016304347826086956
112	file:/Users/natemcdowell/Desktop/mallet-2.0.8/corpusi/vgCorp/let278.txt	0.20182291666666666	0.11588541666666667	0.17838541666666666	0.0013020833333333333	0.014322916666666666	0.09505208333333333	0.17057291666666666	0.0013020833333333333	0.11328125	0.10807291666666667
113	file:/Users/natemcdowell/Desktop/mallet-2.0.8/corpusi/vgCorp/let244.txt	0.292	0.03942857142857143	0.13085714285714287	0.029142857142857144	0.03371428571428572	0.15028571428571427	0.08057142857142857	0.009714285714285713	0.20857142857142857	0.025714285714285714
114	file:/Users/natemcdowell/Desktop/mallet-2.0.8/corpusi/vgCorp/let293.txt	0.07562408223201175	0.06387665198237885	0.18135095447870778	0.0022026431718061676	0.04185022026431718	0.053597650513950074	0.1593245227606461	0.03010279001468429	0.19016152716593246	0.20190895741556533
115	file:/Users/natemcdowell/Desktop/mallet-2.0.8/corpusi/vgCorp/let046.txt	0.06716417910447761	0.03731343283582089	0.08208955223880597	0.05223880597014925	0.007462686567164179	0.23134328358208955	0.26119402985074625	0.15671641791044777	0.09701492537313433	0.007462686567164179
116	file:/Users/natemcdowell/Desktop/mallet-2.0.8/corpusi/vgCorp/let052.txt	0.21428571428571427	0.07142857142857142	0.07142857142857142	0.16666666666666666	0.11904761904761904	0.023809523809523808	0.07142857142857142	0.11904761904761904	0.11904761904761904	0.023809523809523808
117	file:/Users/natemcdowell/Desktop/mallet-2.0.8/corpusi/vgCorp/let091.txt	0.013888888888888888	0.013888888888888888	0.041666666666666664	0.041666666666666664	0.041666666666666664	0.20833333333333334	0.041666666666666664	0.4861111111111111	0.013888888888888888	0.09722222222222222
118	file:/Users/natemcdowell/Desktop/mallet-2.0.8/corpusi/vgCorp/let668.txt	0.002136752136752137	0.27564102564102566	0.04487179487179487	0.33547008547008544	0.0876068376068376	0.010683760683760684	0.09188034188034189	0.027777777777777776	0.10042735042735043	0.023504273504273504
119	file:/Users/natemcdowell/Desktop/mallet-2.0.8/corpusi/vgCorp/let898.txt	0.03048780487804878	0.03048780487804878	0.054878048780487805	0.2621951219512195	0.1402439024390244	0.06707317073170732	0.018292682926829267	0.06707317073170732	0.21341463414634146	0.11585365853658537
120	file:/Users/natemcdowell/Desktop/mallet-2.0.8/corpusi/vgCorp/let318.txt	0.06084070796460177	0.03650442477876106	0.1338495575221239	0.029867256637168143	0.04314159292035398	0.16482300884955753	0.08075221238938053	0.007743362831858407	0.19800884955752213	0.24446902654867256
121	file:/Users/natemcdowell/Desktop/mallet-2.0.8/corpusi/vgCorp/let330.txt	0.17307692307692307	0.08710407239819004	0.17760180995475114	0.014705882352941176	0.03959276018099547	0.166289592760181	0.048642533936651584	0.014705882352941176	0.20248868778280543	0.0757918552036199
122	file:/Users/natemcdowell/Desktop/mallet-2.0.8/corpusi/vgCorp/let682.txt	0.07170923379174853	0.14047151277013753	0.09724950884086445	0.34479371316306484	0.022593320235756387	9.823182711198428E-4	0.0206286836935167	0.0029469548133595285	0.25245579567779963	0.04616895874263261
123	file:/Users/natemcdowell/Desktop/mallet-2.0.8/corpusi/vgCorp/let866.txt	0.15562913907284767	0.25496688741721857	0.056291390728476824	0.24172185430463577	0.056291390728476824	0.1357615894039735	0.023178807947019868	0.0033112582781456954	0.0695364238410596	0.0033112582781456954
124	file:/Users/natemcdowell/Desktop/mallet-2.0.8/corpusi/vgCorp/let872.txt	0.03365384615384615	0.11057692307692307	0.004807692307692308	0.46634615384615385	0.11057692307692307	0.12980769230769232	0.004807692307692308	0.014423076923076924	0.1201923076923077	0.004807692307692308
125	file:/Users/natemcdowell/Desktop/mallet-2.0.8/corpusi/vgCorp/let133.txt	0.04065620542082739	0.01355206847360913	0.04208273894436519	0.006419400855920114	0.12339514978601997	0.13480741797432239	0.16761768901569188	0.3744650499286733	0.04208273894436519	0.05492154065620542
126	file:/Users/natemcdowell/Desktop/mallet-2.0.8/corpusi/vgCorp/let669.txt	0.011682242990654205	0.1378504672897196	0.0630841121495327	0.4088785046728972	0.0630841121495327	0.016355140186915886	0.02570093457943925	0.002336448598130841	0.25	0.02102803738317757
127	file:/Users/natemcdowell/Desktop/mallet-2.0.8/corpusi/vgCorp/let090.txt	0.04879679144385027	0.03409090909090909	0.016711229946524065	0.011363636363636364	0.1036096256684492	0.03943850267379679	0.13970588235294118	0.5367647058823529	6.684491978609625E-4	0.06885026737967914
128	file:/Users/natemcdowell/Desktop/mallet-2.0.8/corpusi/vgCorp/let084.txt	0.004629629629629629	0.023148148148148147	0.013888888888888888	0.06018518518518518	0.06944444444444445	0.19907407407407407	0.11574074074074074	0.39351851851851855	0.10648148148148148	0.013888888888888888
129	file:/Users/natemcdowell/Desktop/mallet-2.0.8/corpusi/vgCorp/let735.txt	0.09437086092715231	0.14735099337748345	0.13079470198675497	0.2996688741721854	0.018211920529801324	0.057947019867549666	0.011589403973509934	0.028145695364238412	0.1672185430463576	0.04470198675496689
130	file:/Users/natemcdowell/Desktop/mallet-2.0.8/corpusi/vgCorp/let053.txt	0.11904761904761904	0.2619047619047619	0.11904761904761904	0.023809523809523808	0.07142857142857142	0.11904761904761904	0.023809523809523808	0.11904761904761904	0.11904761904761904	0.023809523809523808
131	file:/Users/natemcdowell/Desktop/mallet-2.0.8/corpusi/vgCorp/let047.txt	0.3048780487804878	0.012195121951219513	0.06097560975609756	0.012195121951219513	0.012195121951219513	0.06097560975609756	0.012195121951219513	0.3048780487804878	0.012195121951219513	0.2073170731707317
132	file:/Users/natemcdowell/Desktop/mallet-2.0.8/corpusi/vgCorp/let721.txt	0.08968058968058969	0.14619164619164618	0.06265356265356266	0.3058968058968059	0.030712530712530713	0.05528255528255528	0.018427518427518427	0.006142506142506142	0.22235872235872237	0.06265356265356266
133	file:/Users/natemcdowell/Desktop/mallet-2.0.8/corpusi/vgCorp/let251.txt	0.07275132275132275	0.04365079365079365	0.10449735449735449	0.04894179894179894	0.11243386243386243	0.32671957671957674	0.011904761904761904	0.009259259259259259	0.18121693121693122	0.08862433862433862
134	file:/Users/natemcdowell/Desktop/mallet-2.0.8/corpusi/vgCorp/let509.txt	0.029166666666666667	0.0625	0.20416666666666666	0.004166666666666667	0.19583333333333333	0.2125	0.0125	0.029166666666666667	0.2375	0.0125
135	file:/Users/natemcdowell/Desktop/mallet-2.0.8/corpusi/vgCorp/let253.txt	0.08870967741935484	0.14677419354838708	0.04032258064516129	0.08870967741935484	0.06612903225806452	0.25	0.03387096774193549	0.008064516129032258	0.19838709677419356	0.07903225806451612
136	file:/Users/natemcdowell/Desktop/mallet-2.0.8/corpusi/vgCorp/let290.txt	0.21074380165289255	0.048209366391184574	0.11983471074380166	0.01790633608815427	0.03994490358126722	0.20798898071625344	0.10330578512396695	0.004132231404958678	0.174931129476584	0.07300275482093664
137	file:/Users/natemcdowell/Desktop/mallet-2.0.8/corpusi/vgCorp/let079.txt	0.07727272727272727	0.04090909090909091	0.022727272727272728	0.031818181818181815	0.32272727272727275	0.15	0.05909090909090909	0.17727272727272728	0.004545454545454545	0.11363636363636363
138	file:/Users/natemcdowell/Desktop/mallet-2.0.8/corpusi/vgCorp/let051.txt	0.018656716417910446	0.018656716417910446	0.055970149253731345	0.041044776119402986	0.10820895522388059	0.011194029850746268	0.16044776119402984	0.5708955223880597	0.011194029850746268	0.0037313432835820895
139	file:/Users/natemcdowell/Desktop/mallet-2.0.8/corpusi/vgCorp/let092.txt	0.0020242914979757085	0.010121457489878543	0.0020242914979757085	0.0020242914979757085	0.11538461538461539	0.20040485829959515	0.1437246963562753	0.5040485829959515	0.018218623481781375	0.0020242914979757085
140	file:/Users/natemcdowell/Desktop/mallet-2.0.8/corpusi/vgCorp/let086.txt	0.04487179487179487	0.019230769230769232	0.1858974358974359	0.03205128205128205	0.057692307692307696	0.28846153846153844	0.08333333333333333	0.16025641025641027	0.03205128205128205	0.09615384615384616
141	file:/Users/natemcdowell/Desktop/mallet-2.0.8/corpusi/vgCorp/let125.txt	0.054292929292929296	0.021464646464646464	0.06691919191919192	0.05176767676767677	0.125	0.16287878787878787	0.10227272727272728	0.3472222222222222	0.011363636363636364	0.056818181818181816
142	file:/Users/natemcdowell/Desktop/mallet-2.0.8/corpusi/vgCorp/let131.txt	0.02507598784194529	0.012917933130699088	0.022036474164133738	0.012917933130699088	0.14209726443768997	0.11930091185410334	0.11474164133738601	0.40501519756838905	0.04027355623100304	0.10562310030395136
143	file:/Users/natemcdowell/Desktop/mallet-2.0.8/corpusi/vgCorp/let870.txt	0.14705882352941177	0.08823529411764706	0.037815126050420166	0.1638655462184874	0.09663865546218488	0.09663865546218488	0.10504201680672269	0.004201680672268907	0.23949579831932774	0.02100840336134454
144	file:/Users/natemcdowell/Desktop/mallet-2.0.8/corpusi/vgCorp/let680.txt	0.03017241379310345	0.1882183908045977	0.11350574712643678	0.2974137931034483	0.033045977011494254	0.0014367816091954023	0.02442528735632184	0.0014367816091954023	0.2600574712643678	0.05028735632183908
145	file:/Users/natemcdowell/Desktop/mallet-2.0.8/corpusi/vgCorp/let469.txt	0.24371859296482412	0.11306532663316583	0.17336683417085427	0.06281407035175879	0.002512562814070352	0.18341708542713567	0.03768844221105527	0.007537688442211055	0.16331658291457288	0.01256281407035176
146	file:/Users/natemcdowell/Desktop/mallet-2.0.8/corpusi/vgCorp/let327.txt	0.11120996441281139	0.07206405693950178	0.2179715302491103	0.03469750889679715	0.04359430604982206	0.17882562277580072	0.04359430604982206	0.013345195729537367	0.2606761565836299	0.02402135231316726
